1 1000 20000 1518 100 1000 44 106
0 15000 0 800 15800 1
1 15000 0 800 15800 1
2 15000 0 800 15800 1
3 15000 0 800 15800 1
4 15000 0 800 15800 1
5 15000 0 800 15800 1
6 15000 0 800 15800 1
7 15000 0 800 15800 1
8 15000 0 800 15800 1
9 15000 0 800 15800 1
10 15000 0 800 15800 1
11 15000 0 800 15800 1
12 15000 0 800 15800 1
201 15000 0 800 15800 0
202 15000 0 800 15800 0
203 15000 0 800 15800 0
204 15000 0 800 15800 0
205 15000 0 800 15800 0
206 15000 0 800 15800 0
207 15000 0 800 15800 0
208 15000 0 800 15800 0
209 15000 0 800 15800 0
210 15000 0 800 15800 0
211 15000 0 800 15800 0
212 15000 0 800 15800 0
213 15000 0 800 15800 0
214 15000 0 800 15800 0
215 15000 0 800 15800 0
216 15000 0 800 15800 0
217 15000 0 800 15800 0
218 15000 0 800 15800 0
219 15000 0 800 15800 0
220 15000 0 800 15800 0
221 15000 0 800 15800 0
222 15000 0 800 15800 0
223 15000 0 800 15800 0
224 15000 0 800 15800 0
225 15000 0 800 15800 0
226 15000 0 800 15800 0
227 15000 0 800 15800 0
228 15000 0 800 15800 0
229 15000 0 800 15800 0
230 15000 0 800 15800 0
231 15000 0 800 15800 0

1 7 6 40
2 6 7 40
3 5 212 40
4 212 5 40
5 12 221 40
6 221 12 40
7 5 213 40
8 213 5 40
9 7 8 40
10 8 7 40
11 217 9 40
12 9 217 40
13 12 222 40
14 222 12 40
15 7 228 40
16 228 7 40
17 0 202 40
18 202 0 40
19 7 229 40
20 229 7 40
21 209 3 40
22 3 209 40
23 2 0 40
24 0 2 40
25 0 203 40
26 203 0 40
27 2 1 40
28 1 2 40
29 0 204 40
30 204 0 40
31 2 3 40
32 3 2 40
33 2 5 40
34 5 2 40
35 2 6 40
36 6 2 40
37 205 1 40
38 1 205 40
39 2 7 40
40 7 2 40
41 201 2 40
42 2 201 40
43 3 208 40
44 208 3 40
45 6 8 40
46 8 6 40
47 12 11 40
48 11 12 40
49 216 9 40
50 9 216 40
51 6 10 40
52 10 6 40
53 3 211 40
54 211 3 40
55 223 10 40
56 10 223 40
57 3 210 40
58 210 3 40
59 231 8 40
60 8 231 40
61 3 207 40
62 207 3 40
63 9 10 40
64 10 9 40
65 8 230 40
66 230 8 40
67 227 6 40
68 6 227 40
69 9 11 40
70 11 9 40
71 220 11 40
72 11 220 40
73 9 12 40
74 12 9 40
75 1 4 40
76 4 1 40
77 5 4 40
78 4 5 40
79 4 11 40
80 11 4 40
81 9 4 40
82 4 9 40
83 6 226 40
84 226 6 40
85 6 225 40
86 225 6 40
87 4 10 40
88 10 4 40
89 1 206 40
90 206 1 40
91 215 4 40
92 4 215 40
93 11 219 40
94 219 11 40
95 4 214 40
96 214 4 40
97 9 218 40
98 218 9 40
99 0 4 40
100 4 0 40
101 4 3 40
102 3 4 40
103 2 10 40
104 10 2 40
105 10 224 40
106 224 10 40
